25923
26054
3843
3867
3887
3908
26067
25907
25927
25965
26082
26277
26292
26309
27489
881
1606
1612
4682
27545
2275
2267
3137
6175
6176
26672
26800
26802
26916
26930
6173
6180
26797
2627
26051
5680
5692
5716
26011
26024
26025
26029
26030
26028
26031
26034
26035
26110
26111
26126
26129
26136
26143
25885
25955
25959
25978
26015
26120
26167
2112
13464
13471
5681
5721
26070
5672
5674
5689
5697
5715
5723
5725
25956
25952
25957
25960
25958
26022
26026
26036
26052
26130
26150
5662
2109
2116
13474
5657
5670
5687
5683
5699
5720
5704
5709
5714
5722
5726
26125
25954
25953
25979
25980
26027
26048
26112
26113
26117
26128
26138
26149
26153
25928
1696
25936
5740
5757
5769
5833
25994
25929
26003
26141
20279
25937
25938
5831
5823
25930
25984
26100
26148
26151
2094
2091
2082
2087
5232
5248
5874
5868
5895
5883
5884
5885
5888
5908
5907
5921
5937
5987
5970
5976
5989
5990
5996
6004
6006
6007
6012
6015
6017
6020
6026
6027
6030
6038
26818
26876
26816
26882
26903
26727
5243
5870
5871
5876
5890
5898
5912
5914
5917
5924
5926
5930
5938
5944
5952
5956
5979
5973
5980
5993
6002
6003
6019
26770
26788
26817
26848
26852
26856
13860
13867
5236
5901
5929
5954
5951
5962
5988
6001
6021
6029
6031
6034
26881
156
18274
2090
13865
13874
13875
5210
5568
5867
5893
5886
5891
5904
5903
5909
5911
5915
5935
5943
5945
5963
5960
5961
5986
5965
5966
5999
5991
6005
6014
6028
15866
15867
23466
23471
26728
26792
26798
26869
26924
26935
26944
1829
2232
2240
2234
2235
2254
2256
3677
3675
6046
6048
6063
6066
6072
6079
6084
26747
26773
26819
26837
26872
26912
2243
6051
26756
26790
2262
3680
6053
6060
6061
6064
26725
26735
26808
6055
6056
6065
6082
6086
26736
26748
26846
26894
2249
6043
6071
6074
26757
26761
26789
2261
6058
6081
26784
26809
6164
2335
2538
6189
26833
26899
6168
6188
26758
26913
3606
6181
26796
1832
2530
2555
28274
3561
28431
28458
6198
6257
3593
28365
28468
6227
3594
3597
6253
10
69
31
1691
1840
1841
2295
2471
2263
2292
2293
3625
3698
28389
28437
28451
28491
28540
28583
6054
178
81
88
131
2411
3544
3547
28355
28398
28412
28470
28486
28488
28531
11869
82
25064
3631
28293
3670
28363
28418
28421
28629
6150
23468
25060
229
241
254
277
2352
2349
2350
2362
3634
294
995
897
1345
1416
2381
2386
3730
1011
1329
1371
1348
1358
1359
1384
1430
18661
2395
18668
3657
3658
3747
292
419
18271
836
921
932
955
972
982
1000
1016
1024
1070
1112
1336
1388
1395
1397
1401
1421
1425
1455
2384
2397
3728
3733
3752
18268
291
634
712
953
20269
1310
1335
1361
1362
1365
1376
1407
1408
20277
20280
2383
2396
2399
2400
2475
3663
9859
9861
9862
9860
9863
20262
20268
1569
1572
1586
1601
1655
2364
1570
1580
1620
1680
1488
1571
1576
1633
1648
1685
1689
13069
13073
4
5
1472
1577
1579
1582
1583
1585
1595
1605
1614
1621
1626
1656
1669
1678
1687
3669
288
289
693
958
1412
1429
1432
1438
1442
1465
2408
2410
2641
1316
1379
1420
2392
3655
3653
3665
11065
11066
1350
6088
346
354
399
431
637
25880
25886
25894
26154
26202
188
182
3188
27482
27483
658
27503
27507
554
573
580
583
590
595
603
608
617
627
631
635
647
654
27525
27527
845
27542
27548
27550
27556
27563
27572
27577
27578
27595
27596
27598
27603
27613
27614
27615
180
27473
27476
27481
27484
27491
27505
27506
27510
564
575
592
620
621
622
624
641
651
27528
27529
856
859
27540
27553
27555
27557
27562
27594
27601
27602
27610
27617
27618
27621
27622
3847
3848
3185
3865
18260
27475
577
616
18275
27585
27589
6214
6338
193
676
719
3873
28339
28377
28380
28384
28556
28557
28625
6219
672
702
733
1105
28379
28433
28449
28473
28560
199
200
201
666
679
689
682
705
710
721
722
1046
1077
1111
1140
3253
3243
3255
3876
28444
28587
6204
28624
28640
473
749
756
780
783
807
28316
28334
28619
539
613
821
839
855
875
882
1193
1245
28443
28454
17865
28578
17871
28584
28627
28628
6220
512
514
517
524
520
28269
28270
309
889
950
992
1009
2626
3337
3804
3886
28432
28581
33
313
819
835
1043
1045
1047
1053
1057
1067
1068
1069
1083
1075
1076
1079
1081
1086
1088
1102
1116
1126
1135
1139
6238
6234
6233
6236
6240
838
1063
1072
1082
1097
1104
1120
1118
1122
1131
1136
1138
6237
13067
13076
6332
11075
11085
1130
829
830
831
1090
1065
1059
1073
1107
1117
1164
1169
1171
1198
12722
216
315
3259
1152
1154
1159
1163
1172
1175
1178
1179
1182
1187
1206
1190
1213
1203
1210
1217
1224
1228
1234
3261
3264
3272
3263
6242
15467
15475
6105
6196
7863
7868
1239
1247
1248
1266
1294
1297
12693
3839
3838
3841
26040
26041
26042
12261
318
1314
1343
3198
14689
11884
25908
25915
25977
26122
26174
26183
26197
26953
25899
12665
1327
1309
1320
25866
1337
1349
1369
1373
1403
1404
1466
1414
1435
1453
1459
1469
12709
13068
3207
3220
3221
3239
26186
6117
6119
6120
6116
25884
16659
16661
11497
26060
25868
26065
25914
25971
25990
26045
26050
26080
26081
26093
26144
26163
26190
26191
26199
26753
26786
26830
317
1458
3225
6122
26064
26198
26662
1481
1491
1528
1533
3305
3291
3292
26787
26847
26918
26724
1475
1514
1534
1561
6335
26664
26709
26738
26879
26949
3317
1502
1518
1531
1537
1538
1540
1548
1555
1556
3311
3315
19468
26659
26712
26726
26951
26969
319
1532
1589
1477
1484
1509
1485
1498
1504
1511
1512
1515
1521
1527
1541
1542
1552
1564
1565
3286
3277
3299
3300
3308
3309
3310
6128
6376
6378
6379
6388
26663
26706
26708
26711
26823
26860
26867
26875
26886
26929
26939
26948
26954
1618
1615
1650
1699
27480
27537
954
27543
27571
27575
27592
1602
1679
27859
2038
27972
6139
6174
945
27508
872
943
1697
967
1727
1702
1703
1708
1712
1718
1736
1738
2215
11465
26696
26814
26815
26957
1729
16660
26697
26813
26842
26960
11
219
966
968
974
1730
1701
1709
1716
1717
1719
1731
1739
1742
19073
6331
26695
26749
26812
26885
26893
26931
1759
1814
1847
124
1837
27882
3057
1123
1868
1876
1902
1910
1915
1939
1955
1972
1978
27879
27886
27892
27905
27919
27926
27927
27945
27962
27970
2956
2957
2961
6154
11502
127
1864
1914
1922
1940
2001
27885
27918
27940
2887
2905
2955
331
332
18272
1100
1114
27860
27864
1880
27872
27873
27874
1894
1896
1924
1941
1946
1947
1951
27876
27881
27887
2015
2018
2891
27902
27920
27948
27954
2909
27957
2925
27963
2889
27967
27968
27969
2894
2904
2923
2968
2974
2970
2971
2977
14697
18259
18266
6152
6149
6197
17859
11493
11888
2024
27867
1874
2006
2920
2922
2086
2989
2998
28278
28282
28388
28573
2053
2062
2069
2927
2932
28259
28281
28283
28284
28285
28298
28630
20668
2077
28387
28631
20659
12664
28297
28323
28324
28606
28609
28614
28636
135
350
345
347
25061
979
1002
1025
1032
2199
2204
2221
2224
2255
2260
2808
25066
14687
6166
6172
8259
8269
9060
9062
25062
25063
2344
2368
26828
27468
353
27500
27522
27558
2282
2289
2351
2363
2369
2385
6199
6202
6200
23861
23862
26689
26690
26943
26970
2486
2416
2417
2420
2434
2439
2441
2442
2450
2459
2469
2470
2474
2487
2488
2496
2497
3388
26678
26680
26665
26668
26820
26838
26844
26863
26890
26900
26963
26962
2463
2428
2427
3379
3382
6340
26676
26967
26968
2436
2440
2482
2491
2494
2495
3384
3387
6187
11863
26675
26677
26759
26914
26955
2413
2424
2468
2485
6191
26667
26729
26946
1142
1143
27559
2558
4409
27523
27533
2554
2535
2561
2573
27514
27515
27516
1503
1487
1490
1501
1500
2414
2644
2645
2603
2607
2608
2615
2636
4448
4429
4424
4450
1517
1522
2600
2625
2631
1510
1513
1516
2618
2647
4438
4439
27465
27466
27485
360
27511
27512
27513
27552
27583
2230
2643
2587
2588
2593
2601
2606
2609
2616
2624
2629
2632
2635
2649
2650
4460
1338
1363
1381
2651
2660
2662
2669
2671
2690
2695
2705
2707
4461
1289
1323
1326
1333
1378
1380
2418
2653
2659
2668
2665
2676
2674
2675
2680
2683
2703
2708
4468
4463
14674
9066
9078
9067
21866
21861
372
374
371
375
3418
2422
2717
2732
2737
2727
2734
2736
2748
2764
2776
3408
3416
3417
3432
3443
3442
3446
3464
4484
4499
2709
2724
2751
2746
4473
4486
370
1155
1782
2710
2765
2720
2744
2754
2762
2761
2771
2774
3415
2711
2718
2715
2729
2723
2750
2743
2766
2777
4505
21070
6310
10661
11459
21059
79
1383
1424
1426
1427
1793
2423
2785
2790
2792
2807
2812
2780
2778
2782
2784
2788
2789
2797
2800
2805
2814
3447
3462
4507
4508
4510
4515
4520
4531
4535
4541
17459
17462
1195
2827
2846
2857
2858
2830
2836
2819
2847
2848
2849
2854
2856
1170
2839
2831
2838
2842
2853
157
1173
1188
2821
2822
2835
2826
2817
2818
2820
2823
2824
2834
2843
2850
4543
38
1451
1454
1456
1474
1476
2628
2860
2865
2867
2872
2874
2898
2900
2902
2906
3456
4556
4553
1452
1461
1470
1478
2859
2864
2877
2866
2868
2869
2899
4552
2924
2950
2951
2959
2990
227
231
232
1770
2425
2926
2916
2917
2930
2938
2965
3000
233
1597
2921
2931
2960
2978
2997
10659
10660
3035
3054
3059
6312
6329
18276
3034
3020
3065
18267
16663
1728
3021
3043
3052
3062
3068
3071
386
1726
1775
1776
3016
3032
3041
3070
3081
3089
3105
3103
1792
3108
3090
3099
3116
389
1797
3126
3128
3134
3138
3146
3144
3148
6289
6296
1798
3127
3130
3141
3150
3156
3157
3161
14663
4341
3131
3136
3143
3139
3142
3149
3159
3152
3160
3162
11882
1799
3166
3184
3190
3196
3201
390
1599
1750
1800
1803
3168
3174
3175
3176
3177
3180
3189
3204
3210
3222
3182
3183
3212
393
395
3219
9070
9074
3186
3193
3199
1807
1809
3242
3256
3267
3275
3280
3289
3325
3333
63
3297
3341
13459
13475
3244
3245
3266
3274
3268
3284
3356
3295
3296
3318
3358
3362
3332
3348
3349
3352
3359
3260
3321
3334
3342
1811
3269
3283
3285
3294
3353
3483
3485
3476
3474
3478
3479
3480
3484
3488
3489
3490
3513
1824
3497
3504
3506
3514
3519
3524
27460
3512
27561
3502
3503
3510
3505
3507
3520
3526
3511
3531
3536
3556
11905
25495
25497
1767
1921
1938
1942
1943
1944
1945
1956
1964
3622
3567
3570
3595
3605
3628
3636
3642
3660
3668
3671
3697
3687
3691
4061
25462
25478
25481
25483
26211
25492
25862
1927
3583
3596
3635
3772
3776
3729
3737
3768
11883
25901
25903
25906
25975
26000
26088
26105
25909
1908
3754
3718
3741
3786
3794
25973
26072
26077
26116
26137
25863
3704
3706
3810
4283
26005
26078
50
46
1892
2614
3830
3881
3901
3930
3937
3946
25911
25926
26017
26053
26098
26175
26178
26213
26264
26279
26291
26298
1882
3826
3831
3870
3877
25922
26021
26033
1889
2521
3845
3875
3882
3905
3912
3913
3914
3928
3957
26302
26311
25913
1890
3824
3829
3920
15060
15064
26068
26296
2028
1989
1986
1988
1991
1998
2000
3974
3979
3982
3987
4018
4026
4031
4035
16662
16666
26259
26281
26288
26283
26284
26285
26294
26300
26306
26304
26321
26319
420
1990
2432
3971
3981
4010
4014
4022
26265
26275
26276
26297
26293
26308
26313
26318
2004
4029
26270
26282
26287
4094
4118
4151
16259
26703
26755
26764
26831
26841
26855
1869
4111
4148
4161
26741
26952
1875
1873
4127
4129
4138
4145
4147
4160
26661
26739
26777
26834
4093
4100
4105
4131
4153
4162
26769
26835
4091
4101
4124
4137
26707
26740
26771
26772
425
1865
4042
4102
4110
4121
4155
4167
14691
26660
26776
26720
26723
4240
4248
26731
13072
4175
4005
4197
4209
4216
4227
4230
4237
4238
4251
26702
26715
26716
26717
26744
26775
26778
26783
26870
26907
26889
26891
26892
26896
26938
26941
26945
26966
4273
4287
4296
4302
4320
26793
26908
26898
26905
4262
4310
4303
4305
4312
1859
4346
4370
61
27901
27958
27961
3929
3932
3933
4397
4426
4502
4483
4506
22659
27136
27137
3964
27956
27080
3941
3947
3965
6311
4469
4392
4412
4401
4402
4423
4420
4443
4442
4488
4498
4501
4668
6306
6663
11886
27079
27084
27125
27129
27140
27145
27182
27190
27197
4444
4445
27908
3972
3966
4133
4136
4447
4405
4421
4434
4433
4435
4451
4476
4478
4497
4504
10264
10269
27139
27912
27951
4398
4395
4400
4427
4425
4436
4432
4454
4464
4465
4470
4471
4479
4487
4491
4495
27077
27118
27952
4517
4536
4545
4565
1903
27973
28265
4651
28367
28368
28370
4146
4611
28469
4598
4618
4632
4645
4655
4659
4675
4677
28533
28613
12706
27931
4591
4602
4625
27888
27891
27897
27898
27911
28266
4592
4616
4617
4626
4628
4641
4674
2548
28264
4593
4646
28517
1900
1904
27895
4650
28417
4615
4585
4595
4600
4605
4637
4649
4654
4666
28598
11878
221
28351
28466
4699
4708
4718
4726
4740
4743
4754
4765
4770
4787
4790
4792
6284
28267
4686
4739
4779
4788
4782
2078
19065
19066
6305
4922
4815
4827
4834
4840
4843
4889
4895
4926
6304
19081
27064
27066
27103
27100
27156
27180
27199
27200
27213
80
4806
4847
4849
4860
4904
4928
6265
27059
27065
27087
27090
27092
27094
27096
27101
27108
27155
27154
27158
27157
27159
27161
27220
2699
4940
4946
4949
4956
4963
4960
4964
4974
4979
4988
4998
27116
27144
27162
27171
27172
27194
4970
4939
4952
4933
4942
4945
4961
4972
4973
4981
27193
27073
27131
27133
27132
27143
27219
4951
4971
5790
27062
27074
27088
27104
27135
27142
27178
27175
27192
27204
2621
28407
5003
5032
5033
5034
5048
825
28371
28390
28394
28547
5008
5015
5043
28575
2613
28372
28376
5046
5149
5153
862
1657
1675
2054
28391
28392
28400
28545
5024
5060
5157
5160
28579
5006
2056
25940
28395
28396
28500
28534
28537
28539
5002
5020
5037
5028
5050
5055
5059
5070
5076
5125
5128
5138
5144
5112
5120
5130
5081
5083
5091
5094
5095
5098
5107
5133
5145
5067
5066
5080
5088
5090
5102
5123
5127
5134
5137
5074
5065
5077
5096
5104
5131
5141
5142
3690
5147
5156
5163
5186
5195
5216
5230
5241
5250
5271
5272
5278
5283
5286
6260
6261
5204
5282
5244
5285
5152
5161
5167
5168
5171
5178
5179
5180
5181
5196
5183
5190
5197
5200
5202
5203
5208
5222
5213
5214
5215
5226
5218
5220
5235
5239
5242
5253
5247
5260
5251
5266
5257
5267
5264
5268
5274
5277
5284
11510
11902
24662
1536
2451
5293
5302
5308
5338
5350
6383
6389
8267
11889
11897
24668
2070
2073
5319
5357
5322
5324
5328
5298
5312
5306
5315
5310
5333
5336
5339
5347
5351
10270
10265
5294
5301
5332
12698
5185
5305
5309
5343
5198
5297
5300
5311
5316
5323
5325
5329
5330
5348
2095
2097
5421
5362
5364
5366
5367
5379
5381
5385
5387
5391
5388
5398
5399
5409
5422
5425
5431
5432
5433
1588
2639
5439
5442
5375
5376
5378
5393
5401
5404
5405
5428
5434
5437
5557
5205
5542
5449
5451
5468
5473
5482
5506
5513
5529
5546
5547
5553
5571
5572
5577
1639
4051
5488
5522
5565
154
1647
1651
1659
1667
1668
1682
12710
2146
2158
5537
5219
5493
5458
5490
5501
5519
5533
5570
144
2137
2149
2139
2148
2155
2457
5225
5292
5487
5448
5508
5452
5459
5469
5470
5472
5481
5499
5497
5510
5517
5521
5525
5527
5567
5579
5580
149
151
153
5507
2129
2130
2176
5538
5494
5456
5466
5509
5476
5474
5489
5491
5505
5504
5511
5520
5523
5563
5544
5550
5561
5576
11503
145
1694
1827
2136
2160
2162
2170
22663
2524
22664
5518
5526
5485
5562
5228
5447
5450
5461
5492
5453
5454
5457
5460
5462
5467
5463
5464
5465
5514
5471
5479
5475
5477
5478
5484
5480
5486
5515
5495
5498
5500
5502
5503
5512
5516
5548
5524
5528
5532
5534
5536
5539
5540
5541
5543
5578
5545
5549
5551
5552
5554
5555
5558
5559
5560
5564
5569
5574
5573
5575
11887
2172
5605
5616
5623
5628
10668
10669
26010
2174
5613
5629
5637
25475
26115
20276
20278
25939
5583
5592
5594
5595
5597
5599
5606
5622
5627
5632
5633
5636
5650
5651
5652
20661
20662
26142
26166
74
75
115
150
3553
3629
3714
28338
28340
28474
28475
28515
5731
11514
5807
5814
5787
5837
5778
5785
5791
5826
5835
5860
5857
5861
6380
6382
11481
25947
26139
26056
26157
26169
30
16
19
35
40
51
1835
2269
2265
2268
2280
2288
2281
3611
3616
28326
28342
28350
28596
27078
385
1772
2945
2966
2972
2976
2979
2982
14671
14695
11511
669
681
685
687
698
700
715
734
731
3249
3251
3252
3872
3869
1715
1735
1745
1747
3025
3047
3066
3064
3069
6351
6353
413
412
25499
25500
25859
12691
1766
1935
1928
1929
1931
1930
1933
1953
1954
1959
3638
3571
3585
3580
3587
3590
3608
3612
3613
3624
3641
3659
3667
3678
3681
3685
3689
25459
25460
4058
7059
7075
10664
25477
25489
25498
25976
1769
1768
2915
2919
2918
2936
2935
2937
2943
2949
2964
2984
2975
2987
2988
2994
2999
3001
3003
3006
3179
27916
27921
27946
27953
27955
4554
4559
4567
4576
3993
3989
3998
3999
4011
4176
4181
4194
4205
4222
4221
4252
4253
26718
26732
26746
26742
26858
26854
26936
3550
3551
409
1765
1826
2431
3529
3530
3533
3534
3537
3539
3543
23060
23071
27474
567
579
585
27518
27519
625
649
853
27586
27604
27606
39
1471
1479
1573
1574
1575
1578
1636
1581
1591
1603
1607
1610
1629
1631
1642
1649
1654
1663
1688
2612
3753
3756
26170
26119
12692
11470
25986
2106
12719
2183
2547
26057
25931
25935
5732
5817
5821
5231
5752
5753
5730
5737
5745
5758
5761
5768
5779
5792
5804
5811
5813
5820
5825
5828
5834
5845
5848
5853
5858
5865
25993
25945
25946
25948
25932
25934
25949
25950
25951
25961
25962
25985
25982
25983
25989
25992
25995
25996
25997
25999
26146
26049
26055
26062
26079
26118
26103
26104
26107
26109
26121
26132
26133
26135
26145
26177
26192
26212
26209
26215
427
27877
27914
4584
2093
14669
5255
5259
5263
5281
5291
5872
5882
5873
5880
5900
5902
5910
5913
5919
5934
5936
5942
5940
5950
5955
5958
5964
5967
5971
5972
5974
5975
5983
5984
5992
5997
5998
6010
6018
6022
6025
6032
6036
10670
26734
26866
26821
26871
26911
26917
26959
6069
6070
1236
1268
1270
1276
2510
2571
26685
9460
9475
26683
26795
26843
26934
26940
3498
3496
3499
3500
3501
3509
3508
3516
3518
3521
3522
3523
3525
3527
3528
1167
2825
2845
9
174
166
184
225
226
228
244
242
243
247
266
250
251
255
256
258
260
268
270
274
276
282
280
283
2346
2358
2360
3674
3725
24260
24273
101
159
162
163
2462
2642
25471
6102
6104
6124
25488
26829
3574
3586
3632
3640
3673
3699
25472
1971
1969
1970
1965
4279
4267
4285
4284
4301
4322
4328
26765
26925
26958
4142
1895
27890
27896
27944
28354
4045
4620
4589
4609
4597
4599
4606
4629
4639
4656
28502
28513
28530
28532
28538
18270
2546
3535
3538
3552
4332
4336
4353
4356
4376
4383
25474
25493
27221
1091
1119
1113
1124
12702
6229
6319
17063
17066
5619
5620
5645
21
44
64
1313
2299
2300
28438
28453
28549
28550
1872
1934
1937
1948
1952
27875
1961
1974
1975
2002
27880
2007
27907
27923
27936
27939
2912
2913
2954
2953
2980
2981
27975
6144
12696
26781
4001
4169
4171
4174
4178
4179
4184
4191
4210
4219
4212
4231
4232
4233
4235
4245
14694
23866
26701
26699
26704
26713
26719
26721
26722
26745
26774
26779
26851
26862
26919
26928
26942
26937
52
4099
4109
4144
4163
2231
2244
2252
2253
6045
6047
6057
6067
6075
6076
26878
4331
4335
4338
4345
4375
4388
4389
11068
11069
11078
27111
27113
27126
1761
27866
1825
27904
362
366
20259
20263
2682
2692
54
4446
27913
6292
3923
3960
3962
3973
3978
4393
4403
4391
4396
4419
4428
4430
4437
4475
4455
4477
4472
4493
4474
4482
4500
6272
27121
27206
1881
4128
26710
26853
27461
27487
27488
27492
27538
913
27541
942
1593
1627
1652
1666
888
907
3331
28362
1214
1220
1218
1227
1232
1278
1282
2498
2500
2502
2519
2505
2507
2508
2509
2511
2515
4404
4407
26698
26839
1786
1628
1632
1634
1734
1790
2543
3010
3011
3017
3028
3029
3033
3048
3458
4250
26730
4177
4182
4187
4193
4213
4241
4244
26714
26780
26849
26857
26888
27925
3013
1391
1418
1423
27861
27865
1796
2781
2795
2811
27960
2779
2793
2794
2802
3452
3451
11903
397
1554
1545
1549
1557
1558
12700
1812
1813
1817
13460
13465
3229
3232
3234
3235
3257
3281
3288
3302
3357
3312
3327
3343
3346
3351
3366
3368
11488
11524
1207
1209
2503
2504
26682
383
384
1415
1402
1789
1794
12714
2791
2783
2796
2798
2801
3454
3448
3468
3467
11860
28436
28506
28563
28586
6231
6285
791
814
952
1050
1051
1052
1054
1064
1071
1089
1098
1121
2211
6232
6230
6293
11516
1884
2532
3836
3844
3849
3862
3871
3910
3919
3942
3943
3950
3953
3954
3956
3958
3959
25964
26006
26069
26286
26299
2012
2017
26263
1993
1992
2009
2008
2032
4075
3916
3917
3969
3985
4039
4009
4019
4040
4036
4037
4038
4048
4049
4057
4067
4083
4085
14664
6274
11491
26295
26262
26260
26266
26267
26271
26273
26274
26305
26290
26301
26303
26307
26310
26314
26315
26316
26317
26320
1624
1748
1749
1860
3132
3135
3145
3187
3208
3216
3217
3218
3224
4043
19465
4350
4352
4362
4368
4380
4386
4390
14668
14673
14679
27122
23867
24269
24664
24665
27110
27112
27123
27127
27128
27205
27216
1202
2637
2634
28369
4046
28393
28410
28499
28501
28507
28543
28552
5005
5009
5019
5011
5012
5016
5027
5029
5038
5039
5047
5054
5603
28638
7461
7464
10263
10271
3702
25861
3773
3807
3758
3767
3814
3819
4017
4074
6271
6279
6278
6377
6381
25900
25902
25904
25905
25974
26008
26076
26090
607
329
25877
3846
6337
26173
296
486
761
773
804
28319
28325
28337
28509
28526
28527
28594
28610
28617
28634
6315
11894
25920
3770
26182
20660
1917
4080
3779
3806
3700
3705
3713
3742
3739
3743
3780
3762
3774
3815
3817
14672
25968
20667
26071
25910
25921
25969
25970
25972
26009
26012
26013
26023
26086
26087
26084
26089
26101
26200
26216
25918
3724
3707
3717
3749
3801
6368
11507
26014
26106
4033
4053
6362
6357
26289
4354
4333
4337
4343
4349
4359
4364
4365
4378
4377
4384
27130
6366
6375
27124
27181
27212
27217
5086
12699
5108
5072
5075
5085
5097
5099
5103
5110
5111
5114
5118
5122
5129
6662
6669
6670
5087
5069
5073
5109
5115
5082
5084
5089
5092
5093
5101
5116
5105
5106
5117
5119
5121
5126
5143
5132
5135
5136
5139
5140
5696
6345
6369
6668
27498
27504
27608
2398
3151
6185
6201
6672
9465
9474
26836
2619
28341
4761
28357
28464
4716
4724
4681
4687
4689
4704
4693
4694
4697
4700
4702
4707
4720
4721
4727
4732
4735
4733
4738
4748
4750
4753
4755
4756
4763
4766
4771
4775
4776
4780
4789
4785
4796
4798
5062
28635
7064
5424
5361
86
5369
24663
1635
5444
6309
5411
5359
5372
5360
5363
5383
5365
5384
5368
5370
5371
5373
5374
5377
5380
5386
5390
5389
5392
5394
5395
5397
5396
5410
5400
5402
5403
5406
5407
5408
5412
5413
5414
5415
5416
5417
5418
5419
5420
5426
5429
5430
5435
5436
5438
5440
5441
5445
5446
24263
6307
24272
7065
24667
19067
28366
4634
4643
4679
27165
10268
4691
27174
4801
4817
4856
4852
4867
4871
4873
4891
4902
4907
4908
7073
7864
27067
27068
27069
27089
27095
27091
27093
27099
27106
27109
27151
27152
27160
27164
27170
27173
27176
27186
27185
27188
27191
27203
27201
27909
28346
28352
4638
4612
4613
4657
4662
28548
83
21063
2127
2128
14261
14267
5206
5207
5146
5154
5151
5158
5159
5162
5169
5170
5172
5173
5177
5182
5188
5191
5193
5201
5209
5211
5212
5229
5221
5223
5237
5233
5238
5254
5265
5269
5270
5280
5273
5276
5279
5455
5483
7862
10273
11082
11490
11525
26884
26927
1851
5174
5176
5187
5189
5224
5227
5240
5261
5262
8266
11520
2173
13876
13877
5591
5581
5593
5582
5586
5587
5588
5589
5596
5598
5600
5602
5604
5607
5608
5611
5614
5615
5618
5621
5624
5625
5626
5642
5631
5634
5635
5638
5640
5646
5648
5654
5655
8661
26007
26114
1319
1318
1372
1374
1377
2706
2658
2702
9073
9075
3463
9072
406
405
1587
3373
3371
3383
3389
3404
3407
3414
3420
3453
3455
3469
9061
9059
9064
11478
192
236
238
263
272
281
3645
2622
3637
3648
3646
3647
3726
9471
198
27520
725
726
27544
28330
28378
28383
1819
1547
1553
1810
3298
3230
3276
3237
3238
3240
3247
3248
3254
3258
3262
3265
3279
3282
3290
3355
3303
3304
3307
3320
3322
3328
3340
3360
3367
3361
3365
6327
9459
426
26910
4225
26782
26850
26868
26887
93
89
99
2326
2329
2529
6094
26737
8265
8268
10266
26807
447
5068
813
2448
2449
2477
28286
28347
14659
28429
14665
28461
28465
28472
4717
4683
4685
4709
4706
4713
4719
4722
4730
4731
4737
4744
4746
4752
4747
4759
4760
4762
4778
4764
4783
4768
4772
4774
4777
4794
4784
4786
4791
4797
4799
28495
28505
28602
28633
15862
10274
20265
20266
20274
1693
2075
4809
4684
4690
4705
4734
4757
4758
4781
4795
4807
4813
4816
4822
4837
4842
4846
4905
4912
4930
5249
5877
5887
5894
5905
5928
5932
5939
5947
5949
5959
5985
5968
5994
6033
9466
10667
27063
27070
27081
27082
27085
27098
27097
27102
27114
27138
27141
27150
27163
27184
27189
27207
27208
27215
1237
1235
1240
1251
1269
1285
1387
3827
3825
3832
3834
6110
10678
1238
1244
1253
1264
1265
1292
3837
6243
10676
26043
26092
27494
903
905
1638
10671
27459
27462
27467
27477
27478
27479
27486
27490
27509
861
27526
864
878
884
887
893
912
908
910
917
919
926
922
924
934
935
949
27569
27570
27573
27574
27579
12686
27590
27591
27599
27609
27611
1613
1592
1594
1609
1616
1625
1646
1661
27616
1662
1664
1665
1673
1686
1695
27619
2212
6137
6138
6273
6269
16263
6286
6297
11083
11501
11896
70
177
85
94
95
128
134
136
13059
2366
2371
2373
2480
13075
28288
28289
3555
3557
28328
28329
28348
28358
28381
28397
28414
28420
28467
28480
28481
28485
28489
28490
28510
28564
28567
28568
28569
28577
28593
6078
6283
108
123
12703
1752
1754
1758
1774
27871
1846
27889
12718
27930
27941
27964
27971
3008
3018
7072
11063
96
3558
28292
3630
28411
28415
28447
28492
28588
1755
3077
3104
3112
3123
3121
3125
11865
4104
4115
4116
4140
4141
4143
4154
4157
4159
11871
26754
26763
26824
26832
26895
993
12669
990
996
997
1021
12683
12707
2195
2188
2192
2193
2194
2214
2225
2809
11064
11492
11876
12266
20663
27910
4647
27965
3874
3897
28353
3924
3952
4243
4610
4603
28478
4587
4624
4653
4673
4663
28535
341
338
340
2119
2115
2132
2152
2161
2168
2933
28299
28312
28313
28315
28385
28457
28597
28641
7068
21862
21863
12260
1756
3109
3110
3098
3106
3117
3118
7865
11875
48
12264
25916
25924
1888
26312
3894
3851
3854
3858
6295
26124
25912
26096
25917
25925
25963
26001
26278
26280
12267
1763
3075
3076
3079
3082
3084
3088
3111
3115
3122
3124
23869
23870
11462
11496
11862
1339
12688
12713
2654
9071
12660
1308
12676
1295
1298
1306
1307
1341
1353
1346
1354
1357
1523
1535
1778
2698
2652
2656
2657
2666
2673
2679
2685
2688
2687
2689
2691
3438
8263
8264
27495
1125
1128
1133
1134
1141
27554
27564
27587
27597
27600
2227
2537
2549
2536
2556
2559
2565
2568
2617
13477
13469
4810
4811
4824
11460
27086
27105
27147
27177
27183
27196
78
27565
2564
2570
13461
3436
13879
6349
3374
13871
3372
3399
3400
3419
3421
3425
3429
3430
3461
205
1273
1281
1304
14265
11477
24659
24666
26159
4557
14686
7069
7460
7463
27893
27899
27935
4519
4522
4523
4532
4550
4570
4573
4582
26811
765
27502
455
464
484
471
480
507
500
506
522
521
526
530
532
544
27521
655
27531
735
772
27535
27536
784
786
788
12666
27546
27549
27551
27566
27567
27582
27584
27593
23460
15459
23875
23876
6212
23065
23066
23068
11088
11513
20282
23061
23874
27463
454
27470
27471
27472
546
456
470
27501
459
462
463
468
472
479
491
509
518
511
538
547
27517
677
751
27532
740
748
27539
27547
27560
27576
27605
27612
14690
15474
11500
11519
25893
211
25919
1324
1331
1344
1382
1389
1392
1398
1399
1400
1405
26046
25867
6194
11061
11090
26091
26134
26155
26165
26214
26752
1784
3482
3493
3470
3471
3473
3477
3481
3486
3487
3495
15461
15470
26845
26933
403
1563
1823
1559
1560
1562
1567
1568
1584
1764
1751
1783
1822
1820
1821
3369
3457
3378
3386
13873
3390
3392
3393
3394
3397
3401
3422
3424
3426
3427
3434
3435
3440
3441
3450
3460
3459
3465
15473
1250
1272
1274
1279
19059
14266
14670
19074
15464
15860
15863
26160
26161
17
8
22
36
25
27
29
32
37
43
55
65
66
1836
1838
2302
2273
2285
2298
2305
2527
3620
28294
3607
28327
28349
28375
28401
28402
28439
28441
28446
28452
28487
28497
28498
28508
28529
28536
28553
28570
28572
28604
15861
15868
21860
21865
26840
2134
2151
2166
2169
15468
16262
11461
1980
4261
4268
4276
4277
4278
4281
4286
4300
4306
4307
4313
4317
4324
7861
7867
17461
106
103
105
109
110
113
121
122
325
12661
12662
20665
3046
27862
27863
1777
1779
1791
1795
1802
27868
1815
27869
27870
1833
1839
1848
1858
27883
27884
27917
27943
27947
27966
2876
2883
2884
2885
2948
3023
3024
3031
3051
28290
28291
17867
6141
6142
7063
17860
11062
11489
21465
21471
26684
125
119
120
1787
3045
1808
1806
1854
27938
27942
2881
3014
3015
3040
3044
3060
3061
17864
6659
295
305
483
432
434
448
453
485
482
490
741
759
769
801
802
12701
28276
28318
28320
28321
28322
28331
28333
28336
3879
28440
28511
28521
28522
28523
28524
28565
28576
18262
28615
28616
28622
5762
5748
5777
25987
25988
11899
26059
26095
25933
25942
25943
26108
25944
25991
25998
26004
26032
26099
26102
26147
26152
26164
26203
1151
1180
1183
1219
1229
18669
6109
1157
1216
1221
18665
3271
3273
14660
6326
11081
25860
2550
3621
3581
3654
3643
4062
23469
23472
23473
25479
23459
25981
26140
18660
18672
4804
4819
4848
4858
4853
4861
4868
5556
27060
27061
27107
27146
27179
27209
27187
25967
12678
1936
1926
3573
18676
3592
3609
3598
3604
3644
3651
4059
25461
25463
25487
11521
25482
2025
2026
2035
2039
2071
2072
2076
2098
2101
2996
3004
2993
3005
28260
28307
28413
28484
28493
28494
28561
28582
28600
6161
11900
19079
2719
18675
19075
16668
1291
1375
2421
2664
2670
2681
2697
2700
4467
19076
6661
985
991
998
999
1005
1007
1010
1012
1017
1018
1020
1022
1026
1027
1029
1030
1031
1035
1037
1038
2198
2177
2185
2186
2201
2190
2197
2200
2219
2206
2207
2217
2218
2228
2223
2229
2237
2239
2241
2251
2258
2813
2816
2829
2810
2828
3170
6167
17467
19069
2407
2452
2456
2492
26681
26700
26874
26926
26932
26961
496
504
536
545
815
824
863
834
844
846
850
860
865
870
874
877
21061
28268
28287
28306
28448
28455
28482
28496
28546
28580
28595
28603
28611
28612
28621
9476
826
837
857
858
876
21064
28271
28272
28273
28462
28512
6108
1444
1448
1468
2878
2890
2870
2871
21069
1834
2478
3575
3576
28406
28422
28430
28434
28435
28477
28514
28571
28637
6193
6239
6252
28275
3591
3695
28364
28518
21066
988
886
892
891
894
899
904
909
937
965
960
961
962
980
976
986
1001
1004
1006
1008
1013
1014
1019
1028
1036
1041
1042
3344
3345
3903
3326
3330
3335
3338
3350
3376
3800
28302
28304
28305
3821
3781
3782
3784
3790
3795
3798
3803
3809
3812
3818
3820
28343
28344
28345
3902
3907
28360
6103
28399
28403
28424
28428
28460
28471
28483
28589
28590
28591
28592
28623
6223
6313
9462
11498
11499
21463
11508
11512
11522
11893
21859
21864
2020
26272
4047
11523
24669
26261
26268
26269
310
915
895
900
941
946
970
975
3354
3347
28303
3783
3893
3898
3899
3904
19072
28626
6228
6226
11526
19082
2319
6091
6095
6114
6132
26673
26751
26791
26826
26865
26901
26671
12689
2330
13863
3603
19862
21460
6113
6115
6123
6134
6146
16264
16265
9065
21462
26674
26692
26691
26825
26760
26785
26799
26805
26806
26810
26880
26827
26859
26864
26877
26883
26897
26909
26902
26920
26921
22262
2406
2419
2460
2466
3391
3395
3396
3402
26679
6192
26666
26861
21062
2892
2893
2896
2907
11091
22259
4265
4271
4266
4297
4293
23070
26873
26906
7
76
27530
27534
1153
2540
2542
2557
2560
2562
2563
2567
2575
4411
11868
22662
380
2714
2728
2716
2730
2733
2749
2755
2758
2763
3411
3413
23064
2769
2773
28261
28262
28263
3475
28361
4489
17061
23059
11892
1984
1985
27878
27894
27900
12720
27928
2523
27949
27974
14666
4513
4514
4525
4526
4530
4539
4555
4547
4551
4574
4561
4562
4578
4581
11867
11890
23067
27915
27922
27934
27937
4509
4524
4534
4540
4544
4564
4569
4583
23072
24270
1966
4269
4282
4288
4294
4315
4316
4318
4321
4326
4329
24259
17463
24271
26733
26762
26766
26768
26904
1973
1976
4290
4327
24264
26743
26767
26964
204
508
568
6282
1255
1256
1249
1275
25870
15466
17870
15479
6268
7076
11079
11494
26066
26016
26794
26915
167
168
179
169
171
172
183
186
194
195
223
234
235
239
240
245
248
259
252
253
265
257
261
262
264
267
271
273
279
275
278
284
285
1855
1857
1862
2339
2345
2337
2340
2343
2357
3633
3639
6259
6264
6665
6666
9463
24660
24670
5303
5314
5352
189
202
203
19871
665
667
670
673
680
694
696
701
709
703
713
714
732
1144
12717
19460
28356
28359
28382
28445
19861
28450
28476
28516
28519
28520
28528
28541
28566
28585
19867
28601
28605
28608
28639
6216
443
444
458
762
768
794
803
13869
28317
19068
28332
28335
28373
28374
28404
28405
28463
28479
28525
28555
28559
28599
28618
28620
25059
3694
28425
352
994
977
1023
1034
2196
2189
2202
2236
2257
2806
2946
25465
6165
16268
24261
24262
27169
14260
4950
4977
4983
4984
4997
25476
27071
27072
27075
27076
27115
27117
27134
27149
27167
27168
27195
27198
27166
2124
4935
4957
4965
4992
27148
27202
2528
3578
28419
28423
28459
6235
6251
25494
1055
1056
1061
1094
1095
2122
2123
2131
2142
2165
2167
2934
28295
28296
28300
28308
28309
28310
28311
28314
28426
28427
28442
25464
28544
28562
28574
28607
28632
297
299
301
306
312
368
373
378
387
391
410
25898
415
439
550
551
566
14688
25882
6208
25876
25887
25888
25889
25891
26018
26020
26037
26038
26044
26156
26176
26184
26201
26205
327
328
339
342
349
369
394
418
422
428
556
615
638
653
25878
25879
26185
6210
25883
25864
25865
25871
25872
25873
25875
25890
25895
26019
26074
26075
26083
26085
26127
26123
26131
26168
26171
26172
26180
26181
26179
26208
26193
26194
26206
26207
26217
26218
320
364
377
408
417
436
26047
26058
14675
25881
25874
25897
26094
26189
26204
27469
27493
27496
27497
27524
27580
2064
2222
2311
2266
2272
2274
2291
2315
2333
2338
2342
2347
2353
2356
2361
2376
2394
2403
2832
2844
2851
2855
3072
3080
3094
3091
3100
3102
3114
3140
3167
19464
19467
26686
26687
26158
26669
26670
26688
26693
26694
26801
26804
26922
26923
26950
26956
26965
379
2712
2735
2745
2747
2759
2772
13473
3423
3428
3444
26061
26210
27153
27218
1437
1457
2861
2863
25966
27499
2332
2341
2374
2382
2833
2837
2840
11471
6177
26187
1482
1483
1486
1492
1493
1494
1496
1499
1525
2640
2415
2579
2580
2581
2582
2584
2586
2589
2596
2597
2602
2604
2605
2646
3377
4413
4414
4415
4453
14696
26750
26822
27464
27588
2598
23464
26947
2940
27211
1598
3165
3169
3178
3226
3227
25469
25467
25468
25490
27120
212
25496
1351
1385
27607
25470
6126
6127
6266
6300
7872
25869
25892
25896
26097
25941
26039
26063
26073
26162
26188
26196
133
336
27581
2042
2055
2051
2052
2058
2083
2096
2102
2103
2105
2928
28277
28280
28301
28386
28408
28416
28456
28542
28554
28558
6155
6157
27568
26803
68
502
1177
812
822
840
842
957
1149
1148
1156
1158
1161
1181
1185
1184
1191
1192
1196
1199
1205
1222
27906
3270
3370
3900
11904
27959
28279
28409
28504
28551
9470
11901
27903
28503
5049
5345
1539
1544
27929
27950
2638
19070
5288
5194
19077
5307
5304
5318
5320
5340
5335
5337
5342
5344
5346
5349
5353
5354
5355
19872
1147
1160
1166
1176
1189
1186
1194
1223
1225
1226
12684
27924
14661
6107
