5008
5009
38
39
40
42
43
48
5407
11007
11009
11807
9810
13808
13809
25
26
64
108
113
114
115
120
121
122
129
161
164
167
168
51
55
56
80
172
180
192
200
218
231
5409
5410
95
98
99
100
101
107
116
117
119
178
8607
8608
201
608
609
1009
1409
3007
3008
4609
4611
75
81
82
86
87
88
89
90
194
195
204
212
2609
34
35
36
49
11407
11408
187
4610
4612
52
53
54
57
58
61
62
63
5808
6612
6614
203
2208
2608
65
6209
69
72
73
74
10608
11008
11010
11809
11810
7407
210
230
4210
12207
112
142
143
144
145
151
154
155
156
160
12608
1010
2613
102
104
109
110
157
158
159
163
183
215
14607
14608
1808
5
6
7
10
13
16
6210
10207
10210
10607
10611
12208
6607
6608
6613
175
8208
193
196
13007
209
13008
13807
13810
13811
14207
4607
18
19
20
21
31
7007
7809
7810
9007
9008
202
13407
13408
14208
610
3414
10208
10209
10609
10610
123
124
125
128
132
133
134
135
137
146
149
150
217
14209
3010
3411
3412
3812
