62
64
63
330
69
73
355
92
94
95
102
374
103
2
104
3996
3997
106
115
116
117
118
126
390
378
340
145
148
16794
16795
146
149
151
371
153
164
386
391
165
167
168
169
342
174
319
181
321
381
178
180
179
187
188
190
191
17194
17195
324
196
197
388
193
194
202
203
204
341
205
353
329
207
322
348
209
212
213
416
417
219
225
373
228
226
229
230
231
366
383
354
369
242
241
243
251
352
254
1596
1599
255
256
264
267
15996
15997
271
272
274
277
279
284
285
286
290
292
294
299
304
305
306
302
303
307
9
7
8
10
11
12
317
334
15
16
336
19
20
24
21
22
23
368
345
206
5
27
28
29
30
34
318
8794
8795
332
359
36
339
37
315
26
39
343
44
45
43
46
49
50
47
48
333
51
52
53
10799
10801
273
278
289
1994
1995
17
18
362
185
80
82
268
189
192
308
311
166
175
177
323
84
86
320
363
327
244
97
98
99
100
186
6
4
129
16397
16400
201
372
81
397
403
398
402
396
400
418
239
419
795
281
287
796
130
797
3
1195
300
1196
1598
309
358
2395
2797
3199
233
3200
3195
259
260
3597
3598
3594
4400
4394
370
4398
15994
15998
5196
5596
1
5598
214
216
217
218
5597
183
184
5595
250
5599
5195
5996
5995
134
2795
11195
11196
6399
6400
6795
246
7597
17994
17998
10795
10796
8394
8395
8399
8396
8400
2796
108
109
7995
9194
234
9595
112
9995
113
9996
385
10395
13
10794
10800
120
121
122
11194
5594
11197
138
11994
74
12394
33
12399
12397
12395
77
377
12794
221
222
399
12795
12798
12797
12796
133
136
13194
350
13197
173
12396
13196
14795
14796
235
13595
140
142
6394
6794
13594
13994
157
158
13996
13997
7596
335
326
14794
90
14797
7595
8401
3994
3995
40
15194
72
15595
408
66
67
15594
3197
124
15999
9196
15995
16395
13995
160
162
16398
172
16399
57
16394
407
16396
17594
17595
17596
17995
17996
17997
15195
295
296
298
