58
62
64
63
330
69
73
355
92
94
95
102
374
103
2
104
3996
3997
106
115
116
117
118
119
126
390
378
340
145
14394
14395
148
146
149
151
371
153
164
386
391
165
167
168
169
342
170
172
174
319
181
321
381
178
180
179
187
176
188
190
191
375
324
196
197
388
193
194
202
203
204
341
205
353
329
207
322
348
209
212
213
416
417
219
225
373
228
226
229
230
231
366
383
354
369
242
241
243
251
352
254
1596
1599
255
256
264
267
13998
13999
271
272
274
277
279
284
285
286
290
292
294
293
295
296
297
298
299
304
305
306
302
303
307
9
7
8
10
11
12
317
334
15
16
336
19
20
24
21
22
23
368
345
206
5
27
28
29
30
34
318
8794
8795
332
359
36
339
37
315
26
39
343
44
45
43
46
49
50
47
48
333
51
52
53
10799
10801
273
278
289
1994
1995
17
18
362
185
80
82
268
189
192
308
311
59
166
175
177
323
84
86
320
363
327
244
97
98
99
100
186
6
4
129
131
356
201
372
81
397
403
398
402
396
400
418
239
419
795
281
287
796
130
797
3
1195
300
1196
1595
1598
57
407
1594
401
2394
309
358
2395
2797
3199
233
3200
3195
40
3196
65
66
67
3197
259
260
3597
3598
3594
3599
4400
4394
370
4398
32
4799
5196
5596
1
5598
214
216
217
218
5597
183
184
5595
250
5599
5195
5996
5995
134
2795
11195
11196
6399
6400
6795
246
7597
10795
10796
11594
11595
8394
8395
8399
8396
8400
2796
108
109
7995
9194
124
9196
365
9197
234
9595
9994
90
7595
8401
9997
3994
3995
112
9995
113
9996
385
72
10394
408
10395
13
10794
10800
120
121
122
11194
5594
11197
138
11994
74
12394
33
12399
12397
12395
77
377
12794
221
222
399
12795
12798
12797
12796
133
136
13194
350
13197
173
12396
13196
235
237
13195
13595
140
142
6394
6794
13594
13994
157
158
13995
160
6398
162
13996
13997
7596
335
326
